1,446503.791558,4634626.359958
2,446910.49129,4636291.070986
3,444680.796973,4636403.486018
4,445482.347823,4636416.24722
5,446292.684692,4636568.101889
6,446012.829631,4636139.163192
7,446078.847199,4636136.331371
8,446194.961415,4636566.108146
9,446000.807173,4636564.057971
10,446816.728463,4636573.173726
11,446805.658666,4636573.123167
12,446559.413599,4636710.76087
13,446681.488986,4636711.700033
14,446803.722037,4636712.651214
15,446410.27337,4635892.987182
16,446801.748869,4636856.154566
17,446735.460986,4636855.251092
18,446679.056533,4636854.485182
19,446556.78083,4636854.169393
20,444710.518485,4636132.720918
21,444732.711507,4636137.367543
22,444772.646628,4636144.152833
23,444827.889399,4636151.630297
24,444889.345168,4636156.650672
25,445013.497681,4636171.613333
26,445040.711511,4636172.036174
27,445120.400297,4636163.282905
28,445180.247692,4636159.92402
29,445255.34893,4636155.648931
30,445270.425144,4636154.300588
31,445284.834797,4636152.60209
32,445354.568571,4636143.117388
33,444681.600789,4636349.928073
34,443288.600388,4636118.973938
35,443336.512159,4636129.940308
36,443411.080166,4636147.368315
37,443478.751118,4636159.488872
38,442964.390786,4636124.97161
39,444274.077738,4635913.421355
40,443064.284389,4635695.657415
41,443054.224899,4635695.526862
42,445085.678019,4635927.359359
43,444884.259461,4635925.173258
44,445495.332547,4635911.77702
45,445086.124486,4635905.615496
46,444895.789588,4635203.553071
47,444875.794393,4636548.039179
48,445481.196385,4636507.559133
49,446684.665826,4636502.067179
50,446806.282065,4636503.278458
51,446562.08183,4636500.17683
52,446318.561992,4634830.954999
53,445090.647026,4635586.913668
54,443055.431145,4635597.262946
55,446698.761788,4635598.005342
56,446821.011951,4635598.690529
57,445295.884433,4635483.216916
58,445300.502913,4635222.17463
59,445300.616394,4635208.849723
60,445300.715585,4635162.314767
61,446062.461655,4634951.994584
62,446065.167847,4634839.119776
63,446062.235144,4634827.783263
64,443810.73373,4635467.451008
65,443810.945345,4635460.609639
66,444679.327574,4636544.410712
67,444682.364264,4636262.327425
68,444682.288384,4636237.600746
69,446802.792982,4636781.554446
70,446693.266283,4635937.131254
71,444272.859143,4636017.536409
72,443154.869893,4636122.171889
73,443157.137101,4636003.846673
74,443163.119371,4635461.829364
75,443163.065779,4635455.112218
76,444283.015437,4635294.825555
77,443539.564338,4635464.531893
78,443539.72408,4635456.41403
79,443543.919021,4635205.543574
80,446466.791359,4634966.888133
81,446330.307363,4634965.505504
82,446315.986232,4634966.079736
83,443720.34499,4635466.254747
84,443720.302536,4635460.881031
85,443724.863132,4635207.165432
86,445784.548376,4635228.789631
87,445775.537209,4635214.890196
88,445910.565061,4636211.999937
89,445087.587363,4635797.190811
90,445493.108791,4635800.116345
91,445087.213144,4635834.767533
92,444885.678972,4635832.993064
93,443063.133674,4635799.839031
94,443053.382704,4635799.872567
95,446694.635078,4635852.791153
96,445738.184355,4636278.599011
97,444081.140324,4635197.731371
98,445480.476557,4636556.608282
99,444581.814986,4635738.862247
100,444581.860229,4635732.943787
101,444585.352153,4635520.397735
102,444586.104291,4635474.124068
103,445093.252751,4635391.996061
104,444279.994402,4635389.261336
105,444272.358235,4635389.165619
106,444199.590299,4635388.225165
107,446328.682423,4635088.043022
108,446314.14166,4635088.074853
109,445481.667155,4636464.99627
110,445905.262605,4636562.70678
111,445693.292771,4636559.634483
112,445684.811306,4636559.510411
113,445279.768655,4636553.828487
114,445259.062913,4636553.532382
115,445199.750566,4636552.667257
116,445077.466008,4636550.88899
117,444951.222844,4636549.065697
118,444885.312833,4636548.120953
119,443261.773498,4635199.246471
120,445220.297912,4635482.50977
121,445494.760551,4635970.4183
122,446098.654681,4636564.904464
123,446150.171389,4634691.346571
124,445493.992832,4635696.570677
125,446819.871814,4635683.861588
126,446697.244363,4635682.468655
127,445397.329068,4635484.714816
128,445400.893964,4635223.247702
129,443366.376374,4635463.73036
130,443366.101994,4635457.403591
131,443066.85868,4635496.485697
132,443056.73252,4635496.355668
133,445688.987332,4636277.974711
134,445909.52534,4636280.515599
135,445910.746222,4636199.795964
136,445910.829795,4636194.410197
137,446810.081741,4637001.945972
138,445911.483592,4636155.932075
139,445911.937443,4636129.369383
140,445911.971217,4636121.796633
141,445912.000031,4636115.756184
142,445912.329979,4636037.908005
143,445912.373593,4636027.25955
144,443879.139776,4635881.846212
145,443865.410368,4635867.753133
146,443498.605803,4635464.345878
147,443491.871121,4635457.570695
148,443461.825458,4636008.316788
149,443258.290088,4636118.471419
150,443259.003272,4636004.866503
151,443266.198204,4635463.03962
152,443266.368422,4635456.27628
153,446563.149569,4636429.040744
154,446625.043062,4636429.886788
155,446635.698871,4636430.028999
156,446685.416071,4636430.478271
157,446807.277065,4636432.076372
158,446925.164925,4636432.795693
159,445860.609646,4636279.776943
160,445530.379349,4636274.367144
161,445490.67334,4636273.460665
162,445476.159439,4636273.438525
163,446467.569818,4636570.027259
164,446456.20976,4636570.001631
165,446429.06668,4636569.928185
166,446382.758157,4636569.121952
167,446371.853619,4636568.981995
168,446354.517461,4636568.74616
169,446147.078478,4636565.604028
170,446109.078068,4636565.058747
171,446009.037086,4636563.840123
172,446296.834803,4636031.22332
173,446296.867503,4636021.252263
174,446129.651801,4636041.079838
175,446129.845693,4636030.507976
176,444683.102791,4636156.550722
177,444169.997053,4636164.629377
178,444110.871945,4636163.76069
179,443555.57389,4636159.945553
180,443889.01973,4636160.497426
181,444338.102699,4636166.156067
182,444499.459523,4636164.230636
183,444705.323383,4636166.893089
184,445140.60706,4636174.064065
185,445213.543071,4636175.290281
186,445262.072716,4636175.350167
187,445311.749457,4636174.579926
188,445384.763778,4636173.042552
189,445458.4023,4636170.657291
190,445543.385964,4636166.254049
191,445591.933623,4636163.240412
192,445640.414257,4636160.138791
193,445725.52192,4636154.559823
194,445810.490512,4636148.139077
195,445859.453359,4636145.135211
196,445895.733209,4636142.8276
197,445944.520092,4636139.592487
198,445969.617484,4636138.880191
199,446048.66647,4634823.633414
200,445977.413249,4634823.906815
201,445973.072695,4634823.95083
202,446063.451644,4634690.248146
203,445976.027255,4634959.655653
204,445971.006237,4634959.704829
205,446234.781052,4634692.206595
206,443061.572068,4635903.479881
207,444382.479981,4635470.692198
208,444383.103126,4635395.306404
209,444384.571036,4635216.563678
210,445084.513159,4636025.988585
211,445084.643734,4636014.939712
212,445086.496777,4635881.784769
213,445087.68281,4635790.194946
214,445089.081312,4635693.862357
215,445091.33388,4635532.823833
216,445091.509585,4635523.31799
217,445092.309419,4635480.652662
218,445093.956638,4635349.797823
219,445094.71281,4635304.690103
220,445095.813198,4635264.398595
221,445097.036719,4635219.620381
222,445097.137926,4635204.75219
223,445097.454475,4635159.670075
224,445370.22253,4635527.83715
225,445371.500505,4635484.535323
226,445494.75784,4635591.560292
227,445499.784645,4635311.361794
228,446811.809019,4636187.791187
229,446689.010839,4636186.821741
230,446579.914398,4636197.077041
231,446567.698995,4636200.366439
232,446568.592256,4636126.966616
233,446689.655164,4636127.669408
234,446812.896062,4636128.890953
235,446089.870548,4635504.056305
236,446090.106187,4635490.230854
237,446302.3298,4635639.511295
238,446314.645846,4635639.551704
239,446104.125506,4635244.763061
240,446111.95977,4635244.703798
241,446279.620068,4636015.353209
242,446279.650367,4636021.570858
243,446073.191314,4636029.40444
244,446073.032463,4636040.209209
245,445986.777243,4636028.171667
246,445969.863196,4636027.966854
247,445920.880409,4636027.361505
248,445901.486657,4636027.36444
249,446115.595174,4635490.51545
250,446115.368036,4635504.374145
251,446176.429258,4635232.502414
252,446104.15733,4635231.416602
253,445601.878284,4635244.294455
254,445602.281985,4635225.426771
255,445524.061612,4635243.134731
256,445523.696856,4635263.811973
257,445523.646701,4635267.021227
258,445412.234479,4635528.036949
259,445455.372524,4635528.983401
260,445495.894175,4635529.650341
261,445499.827879,4635298.570393
262,445499.66368,4635346.538164
263,445497.949998,4635434.96734
264,446568.904746,4636108.888025
265,446547.398971,4636076.227903
266,446536.010332,4636055.916536
267,446535.181225,4636049.38289
268,446535.652742,4636027.072729
269,446695.814926,4635763.156187
270,446808.949529,4636291.584374
271,446687.037094,4636290.08652
272,446626.814336,4636289.77146
273,446565.750155,4636289.019088
274,446700.177902,4635507.757963
275,446676.781813,4637002.798656
276,446296.904515,4636007.450519
277,446306.712889,4636007.376571
278,446365.562695,4636025.609006
279,446345.660613,4636029.733902
280,446328.58607,4636030.251165
281,446305.811662,4636030.933573
282,444703.323185,4635201.491254
283,444703.328817,4635215.048436
284,444702.1952,4635297.821832
285,444699.625212,4635474.596529
286,444698.021412,4635591.927348
287,444696.273238,4635734.475108
288,444696.20016,4635740.027369
289,444694.527815,4635876.290056
290,444694.346211,4635892.4469
291,444693.092823,4635968.292803
292,444692.432136,4636008.247943
293,444692.23727,4636018.420165
294,444692.036091,4636028.847814
295,444690.459055,4636132.465841
296,444678.34382,4636142.15327
297,444678.285042,4636132.449358
298,444679.381473,4636028.946093
299,444679.522822,4636018.296839
300,444679.493447,4636008.104152
301,444679.668623,4635893.893289
302,444679.863015,4635876.181869
303,444681.744266,4635740.13962
304,444681.956768,4635734.37531
305,444685.100665,4635474.487228
306,444685.641098,4635430.791215
307,444687.563906,4635214.52682
308,444687.842567,4635201.245014
309,443861.758033,4636012.94797
310,443047.744513,4636125.359421
311,443049.72149,4636002.095429
312,443051.713717,4635903.558694
313,443067.303087,4635454.477873
314,443067.236594,4635460.696324
315,443063.615423,4636222.409849
316,443064.373488,4636150.10928
317,445974.299971,4634689.158111
318,445979.039327,4634689.155489
319,445979.059731,4634692.941572
320,443664.319018,4636010.132136
321,446822.026726,4635515.618946
322,446525.696358,4635504.446605
323,446578.491165,4635506.060194
324,446822.183884,4635508.878053
325,446523.399073,4635513.501966
326,446457.95689,4635513.060858
327,446457.855517,4635503.990193
328,446560.282522,4636637.472201
329,446561.070545,4636571.090433
330,446561.702123,4636526.983173
331,446569.815236,4636026.716442
332,446571.419275,4635936.323195
333,446578.32827,4635513.112034
334,446467.864384,4634899.815972
335,446318.916469,4634900.037249
336,444482.623469,4635873.774779
337,444477.186962,4635873.672811
338,444890.796251,4635477.523101
339,444890.045914,4635524.285237
340,444887.142654,4635742.222672
341,444886.463851,4635786.419394
342,444885.054923,4635878.89929
343,444081.5675,4635741.672528
344,444083.271184,4635733.520357
345,444705.62935,4635740.231752
346,444624.210543,4635739.443011
347,444584.571022,4635738.962942
348,444531.437001,4635738.432717
349,444531.096764,4635738.435366
350,444484.420135,4635738.010657
351,443063.975062,4635717.178341
352,443053.967169,4635717.269446
353,444475.072459,4636019.732296
354,444477.055575,4635891.950027
355,444477.962209,4635737.838923
356,444478.084042,4635732.175242
357,444478.651342,4635680.38459
358,444479.184974,4635631.72536
359,444479.898811,4635566.787158
360,444481.053848,4635473.265397
361,444481.657245,4635392.017194
362,444482.719696,4635320.68075
363,444482.91853,4635216.262954
364,444482.945754,4635201.650687
365,446818.382404,4635764.4829
366,446699.922189,4635514.621735
367,446691.654312,4636027.779884
368,446683.301004,4636572.472637
369,446679.668405,4636818.738898
370,446283.129541,4636031.748598
371,446270.146459,4636033.400996
372,446201.078746,4636042.349806
373,445993.60812,4636039.267641
374,445935.900926,4636038.306421
375,445779.644725,4636035.796806
376,445648.577732,4636033.709037
377,445566.785337,4636032.412782
378,445502.421707,4636031.350499
379,445488.294944,4636031.01447
380,445474.95939,4636031.049926
381,445253.411955,4636027.808397
382,445154.393582,4636026.793646
383,444979.166818,4636024.414375
384,444918.642307,4636026.203486
385,444827.406903,4636029.352382
386,444795.802851,4636030.041402
387,444770.215136,4636029.640188
388,444703.033069,4636029.017806
389,446312.60861,4635222.758762
390,446444.077388,4635512.621128
391,446444.048933,4635503.316745
392,446320.682372,4634694.856631
393,446143.447748,4634691.27525
394,445974.171488,4634693.011943
395,445977.445587,4634820.508949
396,445975.819007,4634980.353859
397,445973.371324,4635115.078172
398,445973.518511,4635170.60488
399,445973.610914,4635206.867704
400,445973.807966,4635218.624653
401,446297.568179,4635940.281348
402,446297.955483,4635917.905179
403,446298.656552,4635868.900814
404,446299.159238,4635835.409326
405,446299.354172,4635822.738937
406,446300.315563,4635764.228153
407,446300.445742,4635756.177245
408,446300.490953,4635753.367758
409,446300.86631,4635730.503138
410,446301.794106,4635674.135562
411,446302.821486,4635591.341283
412,446303.319456,4635551.709697
413,446303.927298,4635507.93574
414,446304.255893,4635494.276152
415,446304.995294,4635449.235427
416,446306.077313,4635371.470579
417,446311.583777,4635337.863685
418,446306.192895,4636020.959889
419,446350.314718,4636021.837672
420,445488.437503,4636020.365244
421,445494.498202,4635880.827208
422,445493.916174,4635749.456601
423,445495.960213,4635536.111994
424,445496.260026,4635485.267399
425,445500.302824,4635270.6085
426,445500.909656,4635266.395685
427,445502.304904,4635236.139463
428,445502.583068,4635223.679367
429,445502.877491,4635211.174733
430,446416.974141,4635511.759024
431,446396.289953,4635511.403884
432,446378.925826,4635511.101537
433,446331.385985,4635509.705211
434,446317.079549,4635508.780397
435,446289.629153,4635507.010919
436,446180.09107,4635505.172849
437,446172.720731,4635505.084193
438,446095.697164,4635504.13435
439,446079.910672,4635503.942929
440,446029.582633,4635501.514902
441,445977.497283,4635500.466268
442,445967.707598,4635496.532206
443,445963.040065,4635492.803574
444,443870.425271,4635195.013649
445,443883.564743,4635195.165519
446,444284.254365,4635200.670209
447,444410.852198,4635202.279469
448,444441.425995,4635202.040975
449,446312.700478,4635234.949534
450,446228.059059,4635233.422732
451,446210.330928,4635233.367805
452,446023.874987,4635231.247167
453,445982.808467,4635231.169805
454,445973.694958,4635231.083464
455,445966.117106,4635231.029901
456,445953.758425,4635230.934889
457,445880.428014,4635230.37013
458,445810.478853,4635229.158619
459,445788.249828,4635228.772567
460,445628.347483,4635226.082752
461,445591.73992,4635225.207483
462,445515.829778,4635223.766805
463,445488.779812,4635223.529592
464,444895.658922,4635217.777504
465,444675.201865,4635214.012123
466,444603.825559,4635212.934567
467,444489.856803,4635216.2422
468,445963.011752,4635479.224391
469,445962.816892,4635416.336496
470,445965.734846,4635262.699544
471,445966.49508,4635218.491356
472,443057.269929,4635454.569168
473,443155.429734,4635455.028802
474,443397.650551,4635457.763538
475,443475.560017,4635458.244167
476,443514.728123,4635456.612183
477,443545.226178,4635456.370424
478,443569.733906,4635459.496167
479,443714.060535,4635460.763796
480,443795.527545,4635461.95264
481,443803.681305,4635461.38866
482,443860.020244,4635460.75569
483,443870.180228,4635460.964318
484,443884.647754,4635465.413839
485,444489.891995,4635201.585458
486,444379.372589,4635737.031393
487,444289.34693,4635736.158241
488,444280.414404,4635735.795076
489,444276.258354,4635736.016345
490,443892.423391,4635730.835088
491,443881.187268,4635730.923602
492,443866.960196,4635730.591566
493,444091.384764,4635467.752236
494,444087.948697,4635720.437139
495,444086.125969,4635727.169007
496,443873.430014,4636012.411846
497,443884.555856,4635474.819148
498,443884.00982,4635514.018476
499,443882.336934,4635640.888094
500,443882.127271,4635656.412312
501,443881.520985,4635717.452535
502,443881.372565,4635724.948507
503,443881.063308,4635738.363864
504,443878.507126,4635928.996294
505,443878.425006,4635935.425818
506,443874.536682,4636002.254603
507,443870.307214,4635208.471902
508,443059.830691,4636002.269984
509,443050.731369,4635951.955329
510,443057.195057,4635460.776583
511,444284.351216,4635214.115658
512,443287.476178,4635203.26112
513,444550.25455,4635200.482497
514,444566.121089,4635200.192473
515,445424.786725,4635210.040391
516,445490.117258,4635210.672773
517,445904.903894,4635217.337667
518,445957.779488,4635218.346501
519,445983.827516,4635218.892882
520,446028.74859,4635220.528827
521,446227.668784,4635221.300832
522,443060.243177,4636115.110943
523,443060.544003,4636124.713014
524,443452.99473,4636008.198133
525,443469.626686,4636008.377004
526,443799.803758,4636012.337313
527,443066.151921,4635564.855165
528,443062.478892,4635829.012989
529,443061.191068,4635936.793238
530,443060.880091,4635951.874192
531,444482.972964,4636019.759538
532,444368.780614,4636018.285514
533,444357.651786,4636018.239206
534,444712.139012,4636018.632063
535,444793.931066,4636018.741554
536,444882.054888,4636015.627413
537,444951.043487,4636013.761467
538,444986.426692,4636013.488082
539,445008.612037,4636013.894135
540,445037.628104,4636014.425196
541,445144.705879,4636015.598319
542,445226.178689,4636016.292608
543,445351.510728,4636018.216751
544,445419.566077,4636019.105038
545,445436.986624,4636019.337975
546,445477.324207,4636020.172724
547,445502.554374,4636020.490386
548,445514.175806,4636020.934436
549,445530.709207,4636021.274319
550,445560.537451,4636021.679161
551,445635.564472,4636022.693881
552,445648.711215,4636022.926648
553,445779.696693,4636025.181593
554,445867.08395,4636026.693146
555,446056.292611,4636029.032755
556,446190.980848,4636031.555903
557,446199.883106,4636031.27769
558,443861.252291,4636001.42661
559,443863.904258,4635924.103728
560,443865.147281,4635888.074455
561,443866.055016,4635808.444722
562,443866.82524,4635737.687709
563,443867.079007,4635724.605891
564,443867.210915,4635718.175976
565,443869.427302,4635550.785713
566,443870.512596,4635474.707717
567,443870.461682,4635468.245935
568,446380.334475,4636025.653232
569,446441.654109,4636025.858067
570,446465.471559,4636025.934385
571,446508.27175,4636026.534392
572,446814.661938,4636028.647927
573,446472.755192,4635483.359253
574,443218.415169,4635176.197003
575,445865.520931,4635491.245586
576,445621.32916,4635537.441162
577,445622.391917,4635487.490136
578,446798.556195,4637001.887736
579,445967.846126,4635490.724103
580,445977.197403,4635489.376295
581,446109.411451,4635490.406781
582,446172.916631,4635491.470011
583,446217.389386,4635492.222237
584,446291.527183,4635493.472738
585,446317.158874,4635495.078276
586,446417.116666,4635502.020323
587,445482.97038,4636342.56043
588,445483.301573,4636329.455908
589,443861.555612,4635468.127356
590,443617.190567,4635464.894176
591,443298.634984,4635463.425365
592,444212.446804,4635468.868375
593,444271.221151,4635469.785162
594,444279.753846,4635469.918277
595,444284.146238,4635470.183714
596,444289.922786,4635470.216261
597,444487.062323,4635473.240779
598,444588.304239,4635474.206886
599,444620.190741,4635474.303133
600,444795.642341,4635476.061381
601,445708.442709,4635489.176607
602,445791.730813,4635490.996172
603,445874.244239,4635491.356954
604,445917.329991,4635491.962399
605,445953.818502,4635492.651464
606,445966.828221,4635208.795609
607,445967.896934,4635146.164638
608,445972.794456,4634852.932654
609,445973.746139,4635240.021269
610,445973.179061,4635300.949632
611,445972.443175,4635359.314408
612,445971.607811,4635417.691047
613,445971.131979,4635453.436338
614,445967.938675,4635466.817888
615,443884.932351,4635455.18536
616,444274.970655,4635879.049336
617,444276.116307,4635728.467145
618,444277.626396,4635621.274219
619,444279.615108,4635479.768075
620,444279.776738,4635462.234549
621,444279.973776,4635395.112986
622,444284.502015,4635230.214395
623,446313.171626,4635764.375518
624,446313.345195,4635753.270863
625,446307.786392,4635937.317443
626,446319.701418,4635944.777912
627,446339.637149,4635984.744093
628,446310.562995,4635889.518802
629,446598.289888,4636571.510741
630,446485.901493,4636570.233682
631,445476.227377,4636248.710784
632,445478.090152,4636158.170698
633,445477.369435,4636286.24256
634,445491.768052,4636248.436379
635,445478.984,4636144.850908
636,445480.534767,4636126.285298
637,445481.248464,4636119.78436
638,445482.439027,4636112.702397
639,445485.083543,4636097.170742
640,445486.084819,4636091.37822
641,445487.026197,4636084.264855
642,445487.700029,4636077.975188
643,445488.078472,4636069.955656
644,445779.763407,4636019.773746
645,445791.174778,4635531.349998
646,445791.064126,4635539.711667
647,445707.635678,4635539.003524
648,445873.677382,4635532.532495
649,446308.487684,4635918.058949
650,446129.774966,4636131.970985
651,446162.290927,4636129.027003
652,446239.943491,4636118.558456
653,446280.031209,4636110.572459
654,446289.968712,4636107.832707
655,446302.238306,4636104.020568
656,446311.058871,4636100.623066
657,446322.342141,4636094.764277
658,446332.522644,4636087.925617
659,446341.771362,4636080.771995
660,446350.073035,4636073.481175
661,446358.317829,4636065.247009
662,446366.858906,4636054.479058
663,446373.81491,4636043.700845
664,446383.363173,4636026.71856
665,446390.044572,4636011.423369
666,446393.847643,4635999.602989
667,446396.792483,4635988.421961
668,446399.102637,4635977.811981
669,446401.487451,4635964.991875
670,446412.079123,4635867.169421
671,446413.19778,4635836.060535
672,446414.22927,4635798.878777
673,446421.449717,4635749.292446
674,446423.685589,4635737.617118
675,446426.388051,4635725.083325
676,446435.495273,4635692.415422
677,446451.26529,4635628.652504
678,446453.65734,4635616.765052
679,446455.740672,4635602.44829
680,446459.268139,4635568.267905
681,446477.65243,4635438.165187
682,446482.346309,4635381.358568
683,446486.600432,4635324.555261
684,446489.946709,4635267.314649
685,446493.30627,4635210.729041
686,446495.555566,4635154.384949
687,446497.522864,4635096.954855
688,446499.286445,4635012.389762
689,446499.843598,4634983.794509
690,446501.639893,4634926.787643
691,446504.34939,4634813.424553
692,446505.259327,4634756.635322
693,445985.906056,4635359.489903
694,445991.087429,4635352.166823
695,445989.073008,4635355.757373
696,445987.397462,4635358.06847
697,446587.933163,4636571.388553
698,446605.858251,4636571.598334
699,446622.546766,4636571.784119
700,445793.183903,4635531.445743
701,445832.404271,4635532.346565
702,445916.455414,4635533.084753
703,445750.196497,4635539.367681
704,445641.955427,4635537.8167
705,444224.656754,4635509.366787
706,444227.400222,4635518.450093
707,444228.10844,4635519.865783
708,444206.93255,4635442.985127
709,444208.01304,4635450.604699
710,444188.489759,4635392.975549
711,444182.979893,4635399.447585
712,444181.26468,4635409.331944
713,444183.829701,4635423.168886
714,444189.400637,4635439.325096
715,444191.449152,4635441.263245
716,444194.020352,4635442.120271
717,444285.075312,4635150.698533
718,444630.670368,4636020.630643
719,444667.904933,4636018.320465
720,444668.755061,4636028.406846
721,443206.754194,4636120.314526
722,443105.052399,4636123.047121
723,443035.902088,4636125.309783
724,443072.269412,4636123.619974
725,445471.481363,4636144.741795
726,444795.142363,4635522.921528
727,446317.599826,4635370.773059
728,446318.557198,4635417.422077
729,446316.217092,4635549.613886
730,446314.35034,4635686.232391
731,446312.129188,4635834.16791
732,446311.135776,4635879.632505
733,446307.50376,4635988.994564
734,446313.121761,4635197.239428
735,446313.593127,4635146.349288
736,446318.233236,4634889.771816
737,446318.561464,4634862.832663
738,444460.635172,4635680.513934
739,444460.989649,4635631.245411
