1,307,308,1
2,308,282,1
3,282,46,1
4,46,222,1
5,222,59,1
6,59,58,1
7,58,128,1
8,128,463,1
9,463,428,1
10,428,462,1
11,462,461,1
12,461,254,1
13,254,460,1
14,460,86,1
15,86,459,1
16,459,458,1
17,458,457,1
18,457,456,1
19,456,455,1
20,455,454,1
21,454,453,1
22,453,452,1
23,452,252,1
24,252,251,1
25,251,451,1
26,451,450,1
27,450,449,1
28,449,417,1
29,417,727,1
30,727,728,1
31,728,585,1
32,585,434,1
33,434,729,1
34,729,238,1
35,238,730,1
36,730,624,1
37,624,623,1
38,623,731,1
39,731,732,1
40,732,628,1
41,628,649,1
42,649,625,1
43,625,733,1
44,733,277,1
45,277,418,1
46,418,419,1
47,419,278,1
48,278,568,1
49,568,569,1
50,569,570,1
51,570,571,1
52,571,268,1
53,268,331,1
54,331,367,1
55,424,260,1
56,260,423,1
57,423,226,1
58,226,124,1
59,124,422,1
60,422,90,1
61,90,421,1
62,421,44,1
63,44,121,1
64,121,547,1
65,547,548,1
66,548,549,1
67,549,550,1
68,550,551,1
69,551,552,1
70,552,553,1
71,553,554,1
72,554,248,1
73,248,143,1
74,143,247,1
75,247,246,1
76,246,245,1
77,245,555,1
78,555,243,1
79,243,175,1
80,175,556,1
81,556,557,1
82,557,242,1
83,242,173,1
84,173,276,1
85,276,401,1
86,401,402,1
87,402,403,1
88,403,404,1
89,404,405,1
90,405,406,1
91,406,407,1
92,407,408,1
93,408,409,1
94,409,410,1
95,410,237,1
96,237,411,1
97,411,412,1
98,412,413,1
99,413,414,1
100,414,415,1
101,415,416,1
102,416,417,1
103,417,449,1
104,449,389,1
105,389,734,1
106,734,735,1
107,735,108,1
108,108,82,1
109,82,335,1
110,335,736,1
111,736,737,1
112,737,52,1
113,52,392,1
114,392,205,1
115,205,123,1
116,123,393,1
117,393,202,1
118,202,318,1
119,318,319,1
120,319,395,1
121,395,200,1
122,200,203,1
123,203,204,1
124,204,607,1
125,607,606,1
126,606,471,1
127,471,455,1
128,455,456,1
129,456,457,1
130,457,458,1
131,458,459,1
132,459,86,1
133,86,460,1
134,460,254,1
135,254,461,1
136,461,462,1
137,462,428,1
138,428,427,1
139,427,426,1
140,426,425,1
141,425,261,1
142,261,227,1
143,227,262,1
144,262,263,1
145,263,424,1
146,217,120,1
147,120,57,1
148,57,225,1
149,225,127,1
150,127,424,1
151,449,450,1
152,450,521,1
153,521,520,1
154,520,519,1
155,519,400,1
156,400,399,1
157,399,398,1
158,398,397,1
159,397,396,1
160,396,203,1
161,203,200,1
162,200,199,1
163,199,63,1
164,63,62,1
165,62,61,1
166,450,451,1
167,451,251,1
168,251,252,1
169,252,452,1
170,452,453,1
171,453,454,1
172,454,455,1
173,428,463,1
174,463,128,1
175,128,58,1
176,58,221,1
177,221,464,1
178,464,283,1
179,283,307,1
180,307,465,1
181,465,466,1
182,466,467,1
183,467,363,1
184,363,362,1
185,362,361,1
186,361,360,1
187,360,207,1
188,207,596,1
189,596,595,1
190,595,594,1
191,594,593,1
192,593,592,1
193,592,493,1
194,493,494,1
195,568,278,1
196,278,419,1
197,419,418,1
198,418,173,1
199,413,435,1
200,435,436,1
201,436,437,1
202,437,250,1
203,250,438,1
204,438,235,1
205,235,439,1
206,439,440,1
207,440,441,1
208,441,442,1
209,442,443,1
210,443,605,1
211,605,604,1
212,604,603,1
213,603,575,1
214,575,602,1
215,602,601,1
216,601,577,1
217,577,424,1
218,424,127,1
219,127,225,1
220,225,57,1
221,57,120,1
222,120,217,1
223,217,338,1
224,338,600,1
225,600,285,1
226,285,305,1
227,305,599,1
228,599,598,1
229,598,102,1
230,102,597,1
231,597,360,1
232,566,567,1
233,567,589,1
234,589,64,1
235,64,83,1
236,83,590,1
237,590,77,1
238,77,146,1
239,146,129,1
240,129,591,1
241,591,151,1
242,151,74,1
243,74,314,1
244,314,131,1
245,131,527,1
246,527,40,1
247,40,351,1
248,351,93,1
249,93,528,1
250,528,206,1
251,206,529,1
252,529,530,1
253,530,508,1
254,508,73,1
255,73,150,1
256,150,524,1
257,524,148,1
258,148,525,1
259,525,320,1
260,320,526,1
261,526,309,1
262,309,558,1
263,558,559,1
264,559,560,1
265,560,145,1
266,145,144,1
267,144,503,1
268,503,491,1
269,491,490,1
270,490,344,1
271,344,489,1
272,489,488,1
273,488,487,1
274,487,486,1
275,486,355,1
276,355,356,1
277,356,357,1
278,357,358,1
279,358,359,1
280,359,360,1
281,360,597,1
282,597,102,1
283,102,598,1
284,598,599,1
285,599,305,1
286,305,285,1
287,285,600,1
288,600,338,1
289,338,217,1
290,41,40,1
291,145,561,1
292,561,562,1
293,562,492,1
294,492,491,1
295,435,413,1
296,82,81,1
297,81,80,1
298,80,334,1
299,334,335,1
300,335,82,1
301,82,108,1
302,108,735,1
303,735,734,1
304,734,389,1
305,389,449,1
306,649,402,1
307,402,401,1
308,401,276,1
309,276,173,1
310,173,172,1
311,172,370,1
312,370,371,1
313,371,372,1
314,372,174,1
315,174,244,1
316,244,373,1
317,373,374,1
318,318,317,1
319,317,394,1
320,394,201,1
321,201,608,1
322,608,204,1
323,406,623,1
324,623,624,1
325,624,730,1
326,730,238,1
327,238,729,1
328,729,434,1
329,434,585,1
330,585,586,1
331,586,391,1
332,391,390,1
333,390,326,1
334,326,325,1
335,325,333,1
336,333,366,1
337,366,55,1
338,55,126,1
339,126,269,1
340,269,365,1
341,365,125,1
342,125,56,1
343,56,321,1
344,321,366,1
345,366,333,1
346,547,378,1
347,378,377,1
348,377,376,1
349,376,375,1
350,375,553,1
351,436,435,1
352,493,484,1
353,314,510,1
354,510,132,1
355,132,54,1
356,54,41,1
357,41,352,1
358,352,94,1
359,94,312,1
360,312,509,1
361,509,530,1
362,360,361,1
363,361,362,1
364,362,363,1
365,363,364,1
366,364,485,1
367,485,513,1
368,513,514,1
369,514,308,1
370,59,515,1
371,515,516,1
372,516,429,1
373,429,87,1
374,87,517,1
375,517,518,1
376,518,471,1
377,471,400,1
378,400,454,1
379,454,609,1
380,609,610,1
381,610,611,1
382,611,612,1
383,612,613,1
384,613,614,1
385,614,579,1
386,579,580,1
387,580,236,1
388,236,581,1
389,581,249,1
390,249,582,1
391,582,583,1
392,548,547,1
393,378,379,1
394,379,380,1
395,380,381,1
396,381,382,1
397,382,210,1
398,210,383,1
399,383,384,1
400,384,385,1
401,385,386,1
402,386,387,1
403,387,388,1
404,388,294,1
405,294,298,1
406,298,720,1
407,720,718,1
408,718,531,1
409,531,353,1
410,353,354,1
411,354,337,1
412,337,355,1
413,592,705,1
414,705,592,1
415,484,497,1
416,497,498,1
417,498,499,1
418,499,500,1
419,500,501,1
420,87,86,1
421,583,584,1
422,584,414,1
423,596,207,1
424,484,567,1
425,353,531,1
426,501,502,1
427,502,491,1
428,355,337,1
429,337,354,1
430,354,353,1
431,531,718,1
432,718,719,1
433,719,299,1
434,299,293,1
435,293,534,1
436,534,535,1
437,535,536,1
438,536,537,1
439,537,538,1
440,538,539,1
441,539,540,1
442,540,211,1
443,211,541,1
444,541,542,1
445,542,543,1
446,543,544,1
447,544,545,1
448,545,546,1
449,546,420,1
450,420,547,1
451,357,738,1
452,738,739,1
453,739,358,1
454,553,644,1
455,494,495,1
456,495,344,1
457,81,82,1
458,238,237,1
459,443,468,1
460,468,469,1
461,469,470,1
462,470,455,1
463,455,471,1
464,471,606,1
465,606,607,1
466,607,204,1
467,204,203,1
468,495,494,1
469,377,378,1
470,455,470,1
471,470,469,1
472,469,468,1
473,468,443,1
474,472,510,1
475,509,311,1
476,311,508,1
477,143,142,1
478,142,374,1
479,374,373,1
480,373,244,1
481,244,174,1
482,174,175,1
483,434,433,1
484,433,432,1
485,432,431,1
486,431,430,1
487,430,390,1
488,333,325,1
489,325,326,1
490,326,390,1
491,390,391,1
492,391,586,1
493,586,585,1
494,585,414,1
495,107,108,1
496,374,142,1
497,142,375,1
498,375,376,1
499,376,377,1
500,718,720,1
501,705,706,1
502,706,705,1
503,131,132,1
504,94,93,1
505,363,467,1
506,467,466,1
507,466,465,1
508,465,307,1
509,307,283,1
510,283,464,1
511,464,221,1
512,221,58,1
513,129,130,1
514,130,152,1
515,152,75,1
516,75,473,1
517,473,313,1
518,313,314,1
519,443,579,1
520,454,400,1
521,62,63,1
522,63,199,1
523,199,200,1
524,275,578,1
525,578,16,1
526,16,69,1
527,69,14,1
528,14,11,1
529,11,50,1
530,50,157,1
531,157,270,1
532,270,228,1
533,228,234,1
534,234,572,1
535,572,367,1
536,367,331,1
537,331,268,1
538,268,571,1
539,571,570,1
540,570,569,1
541,569,568,1
542,399,400,1
543,414,413,1
544,413,434,1
545,367,233,1
546,233,229,1
547,229,271,1
548,271,156,1
549,156,49,1
550,49,368,1
551,368,13,1
552,13,369,1
553,369,18,1
554,18,275,1
555,579,443,1
556,391,327,1
557,327,322,1
558,322,325,1
559,390,430,1
560,430,431,1
561,431,432,1
562,432,433,1
563,433,434,1
564,434,413,1
565,553,552,1
566,552,376,1
567,294,293,1
568,293,299,1
569,299,719,1
570,719,718,1
571,594,619,1
572,619,618,1
573,618,617,1
574,617,489,1
575,355,350,1
576,350,349,1
577,349,348,1
578,348,99,1
579,99,347,1
580,347,346,1
581,346,303,1
582,303,288,1
583,288,289,1
584,289,290,1
585,290,291,1
586,291,292,1
587,292,293,1
588,146,147,1
589,147,146,1
590,352,351,1
591,309,496,1
592,496,506,1
593,506,505,1
594,505,504,1
595,504,144,1
596,471,518,1
597,518,517,1
598,517,87,1
599,87,429,1
600,429,428,1
601,414,585,1
602,379,420,1
603,420,546,1
604,546,545,1
605,545,544,1
606,544,543,1
607,543,542,1
608,542,541,1
609,541,211,1
610,211,540,1
611,540,539,1
612,539,538,1
613,538,537,1
614,537,536,1
615,536,535,1
616,535,534,1
617,534,293,1
618,289,302,1
619,302,301,1
620,301,300,1
621,594,620,1
622,620,621,1
623,621,104,1
624,104,105,1
625,105,106,1
626,106,710,1
627,710,711,1
628,711,712,1
629,712,713,1
630,713,714,1
631,714,715,1
632,715,716,1
633,716,708,1
634,708,709,1
635,709,592,1
636,86,87,1
637,322,323,1
638,323,274,1
639,274,366,1
640,321,324,1
641,324,274,1
642,274,323,1
643,200,201,1
644,489,616,1
645,616,39,1
646,39,71,1
647,71,533,1
648,533,532,1
649,532,353,1
650,409,408,1
651,408,624,1
652,293,294,1
653,294,295,1
654,295,20,1
655,20,21,1
656,21,22,1
657,22,23,1
658,23,24,1
659,24,25,1
660,25,26,1
661,26,184,1
662,184,185,1
663,185,186,1
664,186,187,1
665,187,188,1
666,188,189,1
667,189,190,1
668,190,191,1
669,191,192,1
670,192,193,1
671,193,194,1
672,194,195,1
673,195,196,1
674,196,197,1
675,197,198,1
676,198,6,1
677,6,7,1
678,7,650,1
679,650,651,1
680,651,652,1
681,652,653,1
682,653,654,1
683,654,655,1
684,655,656,1
685,656,657,1
686,657,658,1
687,658,659,1
688,659,660,1
689,660,661,1
690,661,662,1
691,662,663,1
692,663,664,1
693,664,665,1
694,665,666,1
695,666,667,1
696,667,668,1
697,668,669,1
698,669,15,1
699,15,670,1
700,670,671,1
701,671,672,1
702,672,673,1
703,673,674,1
704,674,675,1
705,675,676,1
706,676,677,1
707,677,678,1
708,678,679,1
709,679,680,1
710,680,573,1
711,573,681,1
712,681,682,1
713,682,683,1
714,683,684,1
715,684,685,1
716,685,686,1
717,686,687,1
718,687,688,1
719,688,689,1
720,689,690,1
721,690,691,1
722,691,692,1
723,692,1,1
724,58,59,1
725,59,222,1
726,222,46,1
727,46,282,1
728,282,308,1
729,308,307,1
730,5,8,1
731,8,169,1
732,169,170,1
733,170,122,1
734,122,171,1
735,171,9,1
736,9,110,1
737,110,111,1
738,111,112,1
739,112,98,1
740,98,113,1
741,113,114,1
742,114,115,1
743,115,116,1
744,116,117,1
745,117,118,1
746,118,47,1
747,47,66,1
748,66,3,1
749,3,33,1
750,33,67,1
751,67,68,1
752,68,176,1
753,176,296,1
754,296,297,1
755,297,298,1
756,211,210,1
757,494,493,1
758,419,627,1
759,627,626,1
760,626,625,1
761,625,649,1
762,173,418,1
763,375,142,1
764,147,475,1
765,475,474,1
766,474,130,1
767,521,389,1
768,592,709,1
769,484,483,1
770,483,482,1
771,482,65,1
772,65,481,1
773,481,480,1
774,480,84,1
775,84,479,1
776,479,478,1
777,478,477,1
778,477,78,1
779,78,476,1
780,476,147,1
781,152,151,1
782,429,516,1
783,516,515,1
784,515,59,1
785,75,74,1
786,93,94,1
787,578,137,1
788,137,578,1
789,16,578,1
790,578,275,1
791,275,18,1
792,18,19,1
793,19,12,1
794,12,328,1
795,328,329,1
796,329,330,1
797,330,51,1
798,51,153,1
799,153,273,1
800,273,231,1
801,231,232,1
802,232,264,1
803,264,331,1
804,173,242,1
805,242,557,1
806,557,556,1
807,556,175,1
808,175,174,1
809,565,564,1
810,564,563,1
811,563,492,1
812,720,298,1
813,298,294,1
814,294,388,1
815,388,387,1
816,387,386,1
817,386,385,1
818,385,384,1
819,384,383,1
820,383,210,1
821,210,382,1
822,382,381,1
823,381,380,1
824,380,379,1
825,379,378,1
826,376,552,1
827,221,222,1
828,222,221,1
829,285,286,1
830,286,287,1
831,287,288,1
832,204,608,1
833,608,201,1
834,201,200,1
835,467,485,1
836,158,157,1
837,157,156,1
838,156,155,1
839,155,154,1
840,154,272,1
841,272,273,1
842,231,230,1
843,230,231,1
844,10,11,1
845,11,368,1
846,368,699,1
847,699,698,1
848,698,629,1
849,629,697,1
850,697,329,1
851,329,630,1
852,630,163,1
853,163,164,1
854,164,165,1
855,165,166,1
856,166,167,1
857,167,168,1
858,168,5,1
859,239,252,1
860,270,2,1
861,2,270,1
862,418,277,1
863,277,276,1
864,104,76,1
865,76,622,1
866,622,511,1
867,511,209,1
868,209,363,1
869,283,284,1
870,284,285,1
871,65,64,1
872,203,396,1
873,396,397,1
874,397,398,1
875,398,399,1
876,511,446,1
877,446,447,1
878,447,448,1
879,448,364,1
880,242,241,1
881,400,519,1
882,519,520,1
883,520,521,1
884,497,484,1
885,601,647,1
886,647,704,1
887,704,576,1
888,576,423,1
889,423,260,1
890,260,259,1
891,259,258,1
892,258,224,1
893,224,225,1
894,400,471,1
895,210,211,1
896,706,707,1
897,707,706,1
898,84,83,1
899,269,95,1
900,95,70,1
901,70,367,1
902,308,514,1
903,514,513,1
904,513,485,1
905,485,364,1
906,364,363,1
907,132,131,1
908,366,274,1
909,323,322,1
910,254,253,1
911,253,255,1
912,255,256,1
913,256,257,1
914,257,426,1
915,420,379,1
916,282,283,1
917,278,279,1
918,279,280,1
919,280,281,1
920,281,172,1
921,356,355,1
922,337,336,1
923,336,337,1
924,619,594,1
925,40,41,1
926,304,303,1
927,694,695,1
928,695,696,1
929,696,693,1
930,693,611,1
931,360,359,1
932,38,723,1
933,723,310,1
934,310,523,1
935,523,724,1
936,724,722,1
937,722,72,1
938,72,721,1
939,721,149,1
940,149,34,1
941,34,35,1
942,35,36,1
943,36,37,1
944,37,179,1
945,179,180,1
946,180,178,1
947,178,177,1
948,177,181,1
949,181,182,1
950,182,183,1
951,183,25,1
952,26,27,1
953,27,28,1
954,28,29,1
955,29,30,1
956,30,31,1
957,31,32,1
958,32,725,1
959,725,635,1
960,635,636,1
961,636,637,1
962,637,638,1
963,638,639,1
964,639,640,1
965,640,641,1
966,11,10,1
967,322,327,1
968,327,391,1
969,175,243,1
970,243,555,1
971,555,245,1
972,245,246,1
973,246,247,1
974,247,143,1
975,143,248,1
976,248,554,1
977,554,553,1
978,552,551,1
979,551,550,1
980,550,549,1
981,549,548,1
982,547,420,1
983,323,333,1
984,237,238,1
985,574,119,1
986,119,512,1
987,512,79,1
988,79,85,1
989,85,507,1
990,507,444,1
991,444,445,1
992,445,97,1
993,97,446,1
994,414,584,1
995,584,583,1
996,583,582,1
997,582,249,1
998,249,581,1
999,581,236,1
1000,236,580,1
1001,580,579,1
1002,338,339,1
1003,339,726,1
1004,726,600,1
1005,446,717,1
1006,717,446,1
1007,222,223,1
1008,223,60,1
1009,60,59,1
1010,207,208,1
1011,208,209,1
1012,325,322,1
1013,16,17,1
1014,17,18,1
1015,244,243,1
1016,415,414,1
1017,265,266,1
1018,266,267,1
1019,267,268,1
1020,333,323,1
1021,303,304,1
1022,511,622,1
1023,402,649,1
1024,649,628,1
1025,628,732,1
1026,732,731,1
1027,731,623,1
1028,624,408,1
1029,300,299,1
1030,299,298,1
1031,174,372,1
1032,372,371,1
1033,371,370,1
1034,370,172,1
1035,172,281,1
1036,281,418,1
1037,277,733,1
1038,733,625,1
1039,623,406,1
1040,406,405,1
1041,405,404,1
1042,404,403,1
1043,403,402,1
1044,378,547,1
1045,547,121,1
1046,121,44,1
1047,44,421,1
1048,421,90,1
1049,90,422,1
1050,422,124,1
1051,124,226,1
1052,226,423,1
1053,260,424,1
1054,424,577,1
1055,577,601,1
1056,601,602,1
1057,602,575,1
1058,575,603,1
1059,603,604,1
1060,604,605,1
1061,605,443,1
1062,577,576,1
1063,417,416,1
1064,416,415,1
1065,413,412,1
1066,412,411,1
1067,411,237,1
1068,634,161,1
1069,161,160,1
1070,160,133,1
1071,133,96,1
1072,96,159,1
1073,159,134,1
1074,134,88,1
1075,88,135,1
1076,135,136,1
1077,136,138,1
1078,138,139,1
1079,139,140,1
1080,140,141,1
1081,141,142,1
1082,485,467,1
1083,582,437,1
1084,437,436,1
1085,102,101,1
1086,101,100,1
1087,100,99,1
1088,99,348,1
1089,348,349,1
1090,349,350,1
1091,350,355,1
1092,243,244,1
1093,508,522,1
1094,522,523,1
1095,523,316,1
1096,316,315,1
1097,618,619,1
1098,579,442,1
1099,442,441,1
1100,441,440,1
1101,440,439,1
1102,439,235,1
1103,235,438,1
1104,438,250,1
1105,250,437,1
1106,344,495,1
1107,172,173,1
1108,594,595,1
1109,595,596,1
1110,207,360,1
1111,288,345,1
1112,345,340,1
1113,340,341,1
1114,341,92,1
1115,92,342,1
1116,342,43,1
1117,43,42,1
1118,42,45,1
1119,45,212,1
1120,212,91,1
1121,91,89,1
1122,89,213,1
1123,213,214,1
1124,214,53,1
1125,53,215,1
1126,215,216,1
1127,216,217,1
1128,217,103,1
1129,103,218,1
1130,218,219,1
1131,219,220,1
1132,220,221,1
1133,151,152,1
1134,446,511,1
1135,55,56,1
1136,351,352,1
1137,567,483,1
1138,736,335,1
1139,331,332,1
1140,332,331,1
1141,389,521,1
1142,483,567,1
1143,240,239,1
1144,604,702,1
1145,702,648,1
1146,648,701,1
1147,701,700,1
1148,700,645,1
1149,645,646,1
1150,646,703,1
1151,703,647,1
1152,621,620,1
1153,620,594,1
1154,483,484,1
1155,353,532,1
1156,553,375,1
1157,298,299,1
1158,611,693,1
1159,77,78,1
1160,585,728,1
1161,728,727,1
1162,727,417,1
1163,344,343,1
1164,314,313,1
1165,622,76,1
1166,306,305,1
1167,98,48,1
1168,48,109,1
1169,109,4,1
1170,4,587,1
1171,587,588,1
1172,588,633,1
1173,633,162,1
1174,162,631,1
1175,631,632,1
1176,632,635,1
1177,641,642,1
1178,642,643,1
1179,643,379,1
1180,144,145,1
1181,142,143,1
1182,615,484,1
